label| 0 | 1 | 2 | 3 | 4 | 5 | 6 | 7 | 8 | 9 
-----+---+---+---+---+---+---+---+---+---+---
  a  | 0 | 0 | 0 | 0 | 0 | 0 | 0 | 18| 1 | 0 
-----+---+---+---+---+---+---+---+---+---+---
  aa | 0 | 0 | 1 | 0 | 2 | 0 | 0 | 0 | 0 | 0 
-----+---+---+---+---+---+---+---+---+---+---
  ab | 0 | 0 | 0 | 1 | 0 | 0 | 0 | 0 | 2 | 0 
-----+---+---+---+---+---+---+---+---+---+---
  ac | 0 | 0 | 0 | 0 | 0 | 0 | 0 | 0 | 2 | 0 
-----+---+---+---+---+---+---+---+---+---+---
  ad | 0 | 0 | 0 | 0 | 0 | 1 | 0 | 0 | 0 | 0 
-----+---+---+---+---+---+---+---+---+---+---
  ae | 0 | 0 | 0 | 1 | 0 | 0 | 0 | 0 | 0 | 0 
-----+---+---+---+---+---+---+---+---+---+---
  af | 0 | 0 | 1 | 0 | 0 | 0 | 0 | 0 | 0 | 0 
-----+---+---+---+---+---+---+---+---+---+---
  ag | 1 | 0 | 0 | 0 | 0 | 0 | 5 | 0 | 0 | 0 
-----+---+---+---+---+---+---+---+---+---+---
  ah | 1 | 0 | 0 | 0 | 0 | 0 | 0 | 0 | 0 | 0 
-----+---+---+---+---+---+---+---+---+---+---
  ai | 0 | 0 | 0 | 0 | 0 | 0 | 0 | 0 | 1 | 0 
-----+---+---+---+---+---+---+---+---+---+---
  aj | 0 | 0 | 0 | 0 | 0 | 0 | 0 | 1 | 0 | 0 
-----+---+---+---+---+---+---+---+---+---+---
  ak | 0 | 0 | 0 | 0 | 0 | 2 | 0 | 0 | 0 | 0 
-----+---+---+---+---+---+---+---+---+---+---
  al | 0 | 0 | 0 | 1 | 0 | 0 | 0 | 0 | 0 | 0 
-----+---+---+---+---+---+---+---+---+---+---
  am | 0 | 0 | 0 | 0 | 0 | 1 | 1 | 0 | 0 | 0 
-----+---+---+---+---+---+---+---+---+---+---
  an | 0 | 0 | 0 | 1 | 0 | 0 | 0 | 0 | 0 | 0 
-----+---+---+---+---+---+---+---+---+---+---
  ao | 0 | 1 | 0 | 0 | 0 | 0 | 3 | 0 | 1 | 0 
-----+---+---+---+---+---+---+---+---+---+---
  ap | 0 | 0 | 0 | 1 | 0 | 0 | 0 | 0 | 1 | 0 
-----+---+---+---+---+---+---+---+---+---+---
  aq | 0 | 0 | 1 | 0 | 0 | 0 | 0 | 0 | 1 | 0 
-----+---+---+---+---+---+---+---+---+---+---
  ar | 0 | 0 | 0 | 0 | 1 | 0 | 0 | 0 | 0 | 0 
-----+---+---+---+---+---+---+---+---+---+---
  as | 0 | 0 | 0 | 0 | 2 | 0 | 0 | 0 | 0 | 0 
-----+---+---+---+---+---+---+---+---+---+---
  at | 0 | 0 | 0 | 0 | 0 | 0 | 0 | 1 | 0 | 0 
-----+---+---+---+---+---+---+---+---+---+---
  au | 0 | 0 | 2 | 1 | 0 | 0 | 0 | 0 | 0 | 0 
-----+---+---+---+---+---+---+---+---+---+---
  av | 0 | 0 | 0 | 0 | 0 | 0 | 1 | 0 | 0 | 0 
-----+---+---+---+---+---+---+---+---+---+---
  aw | 0 | 0 | 0 | 0 | 0 | 0 | 0 | 0 | 1 | 0 
-----+---+---+---+---+---+---+---+---+---+---
  ax | 1 | 0 | 0 | 0 | 0 | 0 | 0 | 0 | 0 | 0 
-----+---+---+---+---+---+---+---+---+---+---
  ay | 3 | 0 | 0 | 0 | 0 | 0 | 0 | 0 | 0 | 0 
-----+---+---+---+---+---+---+---+---+---+---
  az | 0 | 0 | 0 | 3 | 0 | 0 | 0 | 0 | 0 | 0 
-----+---+---+---+---+---+---+---+---+---+---
  b  | 0 | 0 | 4 | 0 | 0 | 0 | 0 | 0 | 0 | 0 
-----+---+---+---+---+---+---+---+---+---+---
  ba | 0 | 0 | 0 | 0 | 0 | 0 | 1 | 0 | 0 | 0 
-----+---+---+---+---+---+---+---+---+---+---
  bb | 0 | 0 | 0 | 0 | 0 | 0 | 0 | 0 | 2 | 0 
-----+---+---+---+---+---+---+---+---+---+---
  bc | 0 | 0 | 3 | 0 | 0 | 0 | 0 | 0 | 0 | 0 
-----+---+---+---+---+---+---+---+---+---+---
  bd | 0 | 0 | 1 | 0 | 0 | 0 | 0 | 0 | 3 | 0 
-----+---+---+---+---+---+---+---+---+---+---
  be | 1 | 0 | 0 | 0 | 0 | 0 | 0 | 0 | 0 | 0 
-----+---+---+---+---+---+---+---+---+---+---
  bf | 0 | 0 | 2 | 0 | 0 | 0 | 0 | 0 | 1 | 0 
-----+---+---+---+---+---+---+---+---+---+---
  bg | 0 | 0 | 0 | 0 | 0 | 0 | 6 | 0 | 0 | 0 
-----+---+---+---+---+---+---+---+---+---+---
  bh | 0 | 0 | 0 | 0 | 0 | 0 | 1 | 0 | 0 | 0 
-----+---+---+---+---+---+---+---+---+---+---
  bi | 0 | 0 | 0 | 0 | 0 | 0 | 3 | 0 | 0 | 0 
-----+---+---+---+---+---+---+---+---+---+---
  bj | 0 | 0 | 0 | 0 | 1 | 0 | 0 | 0 | 0 | 0 
-----+---+---+---+---+---+---+---+---+---+---
  bk | 0 | 0 | 0 | 0 | 1 | 0 | 0 | 0 | 0 | 0 
-----+---+---+---+---+---+---+---+---+---+---
  bl | 0 | 0 | 0 | 2 | 0 | 0 | 0 | 0 | 0 | 0 
-----+---+---+---+---+---+---+---+---+---+---
  bm | 0 | 0 | 2 | 0 | 0 | 0 | 0 | 0 | 0 | 0 
-----+---+---+---+---+---+---+---+---+---+---
  bn | 0 | 0 | 0 | 4 | 0 | 0 | 0 | 0 | 0 | 0 
-----+---+---+---+---+---+---+---+---+---+---
  bo | 0 | 0 | 0 | 0 | 0 | 0 | 5 | 0 | 0 | 0 
-----+---+---+---+---+---+---+---+---+---+---
  bp | 0 | 0 | 0 | 0 | 1 | 0 | 0 | 0 | 0 | 0 
-----+---+---+---+---+---+---+---+---+---+---
  bq | 0 | 0 | 0 | 2 | 0 | 0 | 0 | 0 | 0 | 0 
-----+---+---+---+---+---+---+---+---+---+---
  br | 0 | 0 | 0 | 0 | 2 | 0 | 0 | 0 | 0 | 0 
-----+---+---+---+---+---+---+---+---+---+---
  bs | 0 | 0 | 3 | 0 | 0 | 0 | 0 | 0 | 0 | 0 
-----+---+---+---+---+---+---+---+---+---+---
  bt | 0 | 0 | 0 | 0 | 0 | 2 | 0 | 0 | 0 | 0 
-----+---+---+---+---+---+---+---+---+---+---
  bu | 10| 0 | 0 | 4 | 0 | 10| 28| 0 | 3 | 0 
-----+---+---+---+---+---+---+---+---+---+---
  bv | 0 | 0 | 20| 0 | 0 | 0 | 0 | 0 | 0 | 0 
-----+---+---+---+---+---+---+---+---+---+---
  bw | 0 | 0 | 0 | 4 | 0 | 0 | 0 | 0 | 0 | 0 
-----+---+---+---+---+---+---+---+---+---+---
  bx | 0 | 0 | 1 | 0 | 0 | 0 | 0 | 0 | 6 | 1 
-----+---+---+---+---+---+---+---+---+---+---
  by | 0 | 0 | 1 | 0 | 0 | 0 | 0 | 0 | 0 | 0 
-----+---+---+---+---+---+---+---+---+---+---
  bz | 0 | 2 | 0 | 0 | 0 | 0 | 0 | 1 | 0 | 0 
-----+---+---+---+---+---+---+---+---+---+---
  c  | 0 | 0 | 9 | 0 | 0 | 0 | 0 | 0 | 0 | 0 
-----+---+---+---+---+---+---+---+---+---+---
  ca | 0 | 0 | 0 | 0 | 0 | 0 | 0 | 0 | 1 | 0 
-----+---+---+---+---+---+---+---+---+---+---
  cb | 0 | 0 | 0 | 0 | 0 | 0 | 0 | 0 | 1 | 0 
-----+---+---+---+---+---+---+---+---+---+---
  cc | 0 | 0 | 0 | 0 | 0 | 0 | 0 | 3 | 0 | 0 
-----+---+---+---+---+---+---+---+---+---+---
  cd | 0 | 0 | 0 | 2 | 0 | 1 | 0 | 0 | 0 | 0 
-----+---+---+---+---+---+---+---+---+---+---
  ce | 0 | 0 | 0 | 0 | 1 | 0 | 0 | 0 | 0 | 0 
-----+---+---+---+---+---+---+---+---+---+---
  cf | 0 | 0 | 4 | 0 | 0 | 0 | 0 | 0 | 0 | 0 
-----+---+---+---+---+---+---+---+---+---+---
  cg | 0 | 0 | 1 | 2 | 1 | 0 | 0 | 8 | 2 | 2 
-----+---+---+---+---+---+---+---+---+---+---
  ch | 0 | 0 | 0 | 0 | 1 | 0 | 0 | 0 | 0 | 0 
-----+---+---+---+---+---+---+---+---+---+---
  ci | 0 | 0 | 0 | 6 | 0 | 8 | 0 | 0 | 3 | 1 
-----+---+---+---+---+---+---+---+---+---+---
  cj | 0 | 0 | 0 | 2 | 0 | 0 | 0 | 0 | 0 | 0 
-----+---+---+---+---+---+---+---+---+---+---
  ck | 0 | 0 | 0 | 0 | 0 | 0 | 20| 0 | 0 | 0 
-----+---+---+---+---+---+---+---+---+---+---
  cl | 1 | 0 | 0 | 0 | 0 | 0 | 0 | 0 | 0 | 0 
-----+---+---+---+---+---+---+---+---+---+---
  cm | 0 | 0 | 0 | 0 | 0 | 23| 0 | 0 | 3 | 0 
-----+---+---+---+---+---+---+---+---+---+---
  cn | 0 | 0 | 0 | 0 | 0 | 0 | 0 | 0 | 1 | 0 
-----+---+---+---+---+---+---+---+---+---+---
  co | 0 | 0 | 0 | 1 | 0 | 0 | 0 | 0 | 23| 1 
-----+---+---+---+---+---+---+---+---+---+---
  cp | 0 | 0 | 1 | 0 | 5 | 0 | 0 | 0 | 1 | 3 
-----+---+---+---+---+---+---+---+---+---+---
  cq | 0 | 0 | 0 | 0 | 5 | 0 | 0 | 0 | 0 | 0 
-----+---+---+---+---+---+---+---+---+---+---
  cr | 5 | 0 | 0 | 0 | 0 | 0 | 0 | 0 | 0 | 0 
-----+---+---+---+---+---+---+---+---+---+---
  cs | 0 | 0 | 0 | 1 | 0 | 0 | 0 | 8 | 0 | 0 
-----+---+---+---+---+---+---+---+---+---+---
  ct | 0 | 0 | 6 | 0 | 0 | 0 | 0 | 0 | 0 | 0 
-----+---+---+---+---+---+---+---+---+---+---
  cu | 0 | 0 | 0 | 0 | 0 | 1 | 0 | 0 | 0 | 0 
-----+---+---+---+---+---+---+---+---+---+---
  cv | 0 | 0 | 0 | 0 | 0 | 0 | 1 | 0 | 1 | 0 
-----+---+---+---+---+---+---+---+---+---+---
  cw | 0 | 0 | 0 | 0 | 1 | 0 | 0 | 0 | 1 | 0 
-----+---+---+---+---+---+---+---+---+---+---
  cx | 0 | 0 | 0 | 0 | 0 | 0 | 0 | 0 | 1 | 0 
-----+---+---+---+---+---+---+---+---+---+---
  cy | 0 | 0 | 0 | 0 | 0 | 0 | 0 | 0 | 2 | 0 
-----+---+---+---+---+---+---+---+---+---+---
  cz | 0 | 0 | 0 | 0 | 0 | 3 | 0 | 0 | 1 | 0 
-----+---+---+---+---+---+---+---+---+---+---
  d  | 3 | 0 | 1 | 0 | 0 | 0 | 0 | 0 | 0 | 0 
-----+---+---+---+---+---+---+---+---+---+---
  da | 0 | 0 | 0 | 0 | 0 | 0 | 2 | 0 | 0 | 0 
-----+---+---+---+---+---+---+---+---+---+---
  db | 7 | 0 | 0 | 0 | 0 | 0 | 0 | 0 | 0 | 0 
-----+---+---+---+---+---+---+---+---+---+---
  dc | 0 | 0 | 0 | 0 | 0 | 0 | 0 | 0 | 1 | 0 
-----+---+---+---+---+---+---+---+---+---+---
  dd | 2 | 0 | 0 | 0 | 0 | 0 | 0 | 0 | 0 | 0 
-----+---+---+---+---+---+---+---+---+---+---
  de | 0 | 0 | 0 | 0 | 0 | 4 | 0 | 0 | 0 | 0 
-----+---+---+---+---+---+---+---+---+---+---
  df | 29| 0 | 0 | 0 | 0 | 0 | 0 | 0 | 0 | 0 
-----+---+---+---+---+---+---+---+---+---+---
  dg | 0 | 0 | 0 | 0 | 0 | 0 | 0 | 0 | 1 | 0 
-----+---+---+---+---+---+---+---+---+---+---
  dh | 0 | 0 | 0 | 0 | 0 | 1 | 0 | 0 | 0 | 0 
-----+---+---+---+---+---+---+---+---+---+---
  di | 0 | 0 | 3 | 0 | 0 | 0 | 0 | 0 | 0 | 0 
-----+---+---+---+---+---+---+---+---+---+---
  dj | 0 | 0 | 1 | 0 | 0 | 0 | 0 | 0 | 0 | 0 
-----+---+---+---+---+---+---+---+---+---+---
  dk | 3 | 0 | 0 | 0 | 0 | 0 | 0 | 0 | 0 | 0 
-----+---+---+---+---+---+---+---+---+---+---
  dl | 0 | 0 | 24| 0 | 0 | 0 | 0 | 0 | 0 | 0 
-----+---+---+---+---+---+---+---+---+---+---
  dm | 0 | 0 | 0 | 35| 0 | 3 | 0 | 0 | 2 | 0 
-----+---+---+---+---+---+---+---+---+---+---
  dn | 0 | 0 | 0 | 0 | 7 | 0 | 0 | 0 | 0 | 0 
-----+---+---+---+---+---+---+---+---+---+---
  e  | 0 | 0 | 0 | 0 | 36| 1 | 0 | 13| 0 | 38
-----+---+---+---+---+---+---+---+---+---+---
  f  | 0 | 0 | 0 | 0 | 0 | 0 | 0 | 0 | 0 | 3 
-----+---+---+---+---+---+---+---+---+---+---
  g  | 0 | 0 | 0 | 0 | 3 | 0 | 0 | 1 | 0 | 0 
-----+---+---+---+---+---+---+---+---+---+---
  h  | 0 | 0 | 0 | 1 | 2 | 1 | 0 | 0 | 1 | 4 
-----+---+---+---+---+---+---+---+---+---+---
  i  | 0 | 0 | 0 | 0 | 0 | 1 | 0 | 0 | 0 | 0 
-----+---+---+---+---+---+---+---+---+---+---
  j  | 0 | 0 | 0 | 0 | 1 | 0 | 0 | 1 | 0 | 3 
-----+---+---+---+---+---+---+---+---+---+---
  k  | 1 | 0 | 0 | 0 | 0 | 0 | 0 | 0 | 0 | 0 
-----+---+---+---+---+---+---+---+---+---+---
  l  | 1 | 0 | 0 | 0 | 0 | 1 | 0 | 0 | 1 | 0 
-----+---+---+---+---+---+---+---+---+---+---
  m  | 0 | 0 | 1 | 0 | 0 | 0 | 0 | 0 | 0 | 0 
-----+---+---+---+---+---+---+---+---+---+---
  n  | 0 | 0 | 0 | 0 | 0 | 0 | 0 | 0 | 1 | 0 
-----+---+---+---+---+---+---+---+---+---+---
  o  | 0 | 0 | 0 | 0 | 0 | 0 | 0 | 0 | 3 | 0 
-----+---+---+---+---+---+---+---+---+---+---
  p  | 0 | 0 | 0 | 0 | 0 | 3 | 0 | 0 | 0 | 0 
-----+---+---+---+---+---+---+---+---+---+---
  q  | 3 | 0 | 0 | 0 | 1 | 0 | 1 | 0 | 0 | 0 
-----+---+---+---+---+---+---+---+---+---+---
  r  | 0 | 0 | 0 | 0 | 0 | 1 | 0 | 0 | 1 | 0 
-----+---+---+---+---+---+---+---+---+---+---
  s  | 0 | 0 | 0 | 6 | 0 | 0 | 0 | 0 | 0 | 0 
-----+---+---+---+---+---+---+---+---+---+---
  t  | 0 | 0 | 1 | 0 | 0 | 0 | 0 | 0 | 0 | 1 
-----+---+---+---+---+---+---+---+---+---+---
  u  | 2 | 0 | 0 | 0 | 0 | 0 | 0 | 0 | 0 | 0 
-----+---+---+---+---+---+---+---+---+---+---
  v  | 9 | 0 | 0 | 0 | 0 | 0 | 0 | 0 | 0 | 0 
-----+---+---+---+---+---+---+---+---+---+---
  w  | 0 | 0 | 2 | 1 | 0 | 0 | 0 | 0 | 0 | 0 
-----+---+---+---+---+---+---+---+---+---+---
  x  | 0 | 0 | 0 | 0 | 0 | 8 | 0 | 0 | 0 | 0 
-----+---+---+---+---+---+---+---+---+---+---
  y  | 1 | 0 | 0 | 0 | 0 | 0 | 0 | 0 | 0 | 0 
-----+---+---+---+---+---+---+---+---+---+---
  z  | 1 |123| 20| 25| 36| 11| 9 | 44| 12| 37

correct: 65.900002%
execution time: 30.380754
number of clusters: 118
execution time: 30.380754